<?xml version="1.0" encoding="UTF-8" standalone="no"?>
<?xml-stylesheet type="text/xsl" href="dpc-cap-it.xsl"?>
<alert xmlns="urn:oasis:names:tc:emergency:cap:1.2">
    <identifier>7aee510c-a7b4-4010-b7cb-9e94aa80d298</identifier>
    <sender>PCM-DPC</sender>
    <sent>2020-06-10T12:20:00+02:00</sent>
    <status>Actual</status>
    <msgType>Update</msgType>
    <source>DPC-Centro-Funzionale-Centrale</source>
    <scope>Public</scope>
    <code>CAP-IT:1.0</code>
    <references>PCM-DPC,e0826d22-270e-4060-9761-5117abe1fef1,2020-06-10T11:55:00+02:00
        PCM-DPC,ec793783-1d0e-4e9c-bf1b-6bd9bb463461,2020-06-10T12:00:00+02:00
        PCM-DPC,5c9a368e-f32d-4aac-bdce-7736bed3f712,2020-06-10T12:10:00+02:00</references>
    <info>
        <language>it-IT</language>
        <category>Met</category>
        <event>met-thrm</event>
        <responseType>Shelter</responseType>
        <urgency>Immediate</urgency>
        <severity>Extreme</severity>
        <certainty>Observed</certainty>
        <eventCode>
            <valueName>met-thrm</valueName>
            <value>thunderstom</value>
        </eventCode>
        <effective>2020-06-10T12:20:00+02:00</effective>
        <expires>2020-06-10T12:50:00+02:00</expires>
        <senderName>Dipartimento della Protezione Civile</senderName>
        <headline>Test allerta</headline>
        <description>Testo del messaggio di allerta meteo che avvisa di un evento meteo temporalesco
            estremo</description>
        <instruction>0001-it;Altre istruzioni testuali</instruction>
        <web>https://alert-hub.protezionecivile.it/cap/PCM-DPC_7aee510c-a7b4-4010-b7cb-9e94aa80d298_1597276417.html</web>
        <contact>https://alert-hub.protezionecivile.it/feedback/</contact>
        <parameter>
            <valueName>IoNonRischioUrl</valueName>
            <value>https://www.xxxxxxxxxxx/0001-it.html</value>
        </parameter>
        <parameter>
            <valueName>alertColor</valueName>
            <value>rossa;red;ff0000;255,0,0</value>
        </parameter>
        <parameter>
            <valueName>eventID</valueName>
            <value>115004</value>
        </parameter>
        <parameter>
            <valueName>Name</valueName>
            <value>115004 Mare</value>
        </parameter>
        <parameter>
            <valueName>Area</valueName>
            <value>138</value>
        </parameter>
        <parameter>
            <valueName>HRI</valueName>
            <value>1.0625</value>
        </parameter>
        <parameter>
            <valueName>SSI</valueName>
            <value>4.3749</value>
        </parameter>
        <parameter>
            <valueName>SRI</valueName>
            <value>199.91</value>
        </parameter>
        <parameter>
            <valueName>VMI</valueName>
            <value>61</value>
        </parameter>
        <parameter>
            <valueName>VIL</valueName>
            <value>59.5</value>
        </parameter>
        <parameter>
            <valueName>POH</valueName>
            <value>1</value>
        </parameter>
        <parameter>
            <valueName>ETM</valueName>
            <value>10100</value>
        </parameter>
        <parameter>
            <valueName>TOP</valueName>
            <value>8720</value>
        </parameter>
        <parameter>
            <valueName>LGT</valueName>
            <value>3</value>
        </parameter>
        <parameter>
            <valueName>Pers</valueName>
            <value>15</value>
        </parameter>
        <parameter>
            <valueName>SRT</valueName>
            <value>9.6724</value>
        </parameter>
        <parameter>
            <valueName>SRT_3</valueName>
            <value>9.6724</value>
        </parameter>
        <parameter>
            <valueName>SRT_24</valueName>
            <value>4.5</value>
        </parameter>
        <parameter>
            <valueName>Vel</valueName>
            <value>25</value>
        </parameter>
        <parameter>
            <valueName>Dir</valueName>
            <value>83</value>
        </parameter>
        <parameter>
            <valueName>Cor</valueName>
            <value>0.9076</value>
        </parameter>
        <parameter>
            <valueName>referenceEventData001</valueName>
            <value>115004 Città Sant'Angelo (PE);Pescara Province
                area;2020-06-10T11:55:00+02:00;2020-06-10T12:25:00+02:00;e0826d22-270e-4060-9761-5117abe1fef1;14.235270500183105,
                42.53623962402344 14.247442245483398,42.53605651855469 14.259655952453613,
                42.53736877441406 14.271827697753906,42.53718185424805 14.283828735351562,
                42.53099060058594 14.295483589172363,42.51279830932617 14.294968605041504,
                42.49479675292969 14.282548904418945,42.485984802246094 14.276213645935059,
                42.47707748413086 14.27000617980957,42.47267150878906 14.257720947265625,
                42.46835708618164 14.24539566040039,42.46253967285156 14.233197212219238,
                42.46122741699219 14.221022605895996,42.46080780029297 14.20885944366455,
                42.46078109741211 14.196701049804688,42.460914611816406 14.172386169433594,
                42.461273193359375 14.160210609436035,42.4608039855957 14.148053169250488,
                42.46097946166992 14.13573932647705,42.45515441894531 14.111425399780273,
                42.45549774169922 14.09922981262207,42.454166412353516 14.087080955505371,
                42.45463562011719 14.074934959411621,42.45525360107422 14.062833786010742,
                42.457672119140625 14.044928550720215,42.4714241027832 14.051231384277344,
                42.480342864990234 14.055508613586426,42.48929214477539 14.057759284973145,
                42.498268127441406 14.088743209838867,42.520355224609375 14.100970268249512,
                42.52243423461914 14.113164901733398,42.523231506347656 14.125347137451172,
                42.52352523803711 14.137518882751465,42.52342224121094 14.149690628051758,
                42.5233039855957 14.152750968933105,42.52395248413086 14.162057876586914,
                42.53057098388672 14.174241065979004,42.530845642089844 14.186429977416992,
                42.531341552734375 14.198610305786133,42.53146743774414 14.210783004760742,
                42.53135681152344 14.222953796386719,42.53117370605469 14.229060173034668,
                42.531829833984375 14.235270500183105,42.53623962402344</value>
        </parameter>
        <parameter>
            <valueName>referenceEventData002</valueName>
            <value>115004 Montesilvano (PE);Pescara Province and sea
                areas;2020-06-10T12:00:00+02:00;2020-06-10T12:30:00+02:00;ec793783-1d0e-4e9c-bf1b-6bd9bb463461;14.260119438171387,
                42.553871154785156 14.272336959838867,42.55518341064453 14.284546852111816,
                42.55619430541992 14.296730995178223,42.556304931640625 14.321037292480469,
                42.554420471191406 14.333168983459473,42.55272674560547 14.339123725891113,
                42.54813003540039 14.340888023376465,42.539093017578125 14.338595390319824,
                42.53012466430664 14.337803840637207,42.50312042236328 14.325376510620117,
                42.49431610107422 14.325115203857422,42.485313415527344 14.31877326965332,
                42.476409912109375 14.306354522705078,42.46760177612305 14.2940034866333,
                42.46104049682617 14.281825065612793,42.460479736328125 14.269658088684082,
                42.46029281616211 14.263547897338867,42.45926284790039 14.257343292236328,
                42.45485305786133 14.245312690734863,42.45954132080078 14.233031272888184,
                42.455223083496094 14.220813751220703,42.453155517578125 14.208678245544434,
                42.4540901184082 14.196489334106445,42.453067779541016 14.184325218200684,
                42.45294952392578 14.1721773147583,42.453426361083984 14.16000747680664,
                42.45309066772461 14.14785099029541,42.45326614379883 14.135689735412598,
                42.453277587890625 14.123543739318848,42.453826904296875 14.111406326293945,
                42.45474624633789 14.099306106567383,42.45716857910156 14.093341827392578,
                42.461753845214844 14.0935697555542,42.47075653076172 14.081636428833008,
                42.47992706298828 14.081863403320312,42.488929748535156 14.069925308227539,
                42.49810028076172 14.088515281677246,42.5113525390625 14.100740432739258,
                42.51343536376953 14.104853630065918,42.515628814697266 14.113121032714844,
                42.521514892578125 14.117255210876465,42.52445983886719 14.125524520874023,
                42.53034591674805 14.137773513793945,42.533172607421875 14.150123596191406,
                42.53974914550781 14.16232681274414,42.54069900512695 14.174505233764648,
                42.54074478149414 14.18061637878418,42.54155731201172 14.186823844909668,
                42.54597091674805 14.19899845123291,42.5457878112793 14.211234092712402,
                42.54785919189453 14.223420143127441,42.548126220703125 14.235612869262695,
                42.54861831665039 14.247791290283203,42.54855728149414 14.25390625,
                42.54946517944336 14.260119438171387,42.553871154785156</value>
        </parameter>
        <parameter>
            <valueName>referenceEventData003</valueName>
            <value>115004 Pescara (PE);Pescara Province and sea
                areas;2020-06-10T12:10:00+02:00;2020-06-10T12:40:00+02:00;5c9a368e-f32d-4aac-bdce-7736bed3f712;14.308819770812988,
                42.5531120300293 14.321059226989746,42.555171966552734 14.333256721496582,
                42.55572509765625 14.345438003540039,42.55574417114258 14.369787216186523,
                42.55535125732422 14.381946563720703,42.55463790893555 14.394084930419922,
                42.55323791503906 14.406076431274414,42.547035217285156 14.418110847473145,
                42.54233169555664 14.435951232910156,42.52852249145508 14.423505783081055,
                42.51972579956055 14.435396194458008,42.510520935058594 14.435117721557617,
                42.50151824951172 14.422677993774414,42.49272537231445 14.422402381896973,
                42.48372268676758 14.41618537902832,42.47932434082031 14.403888702392578,
                42.47502517700195 14.403615951538086,42.466026306152344 14.391278266906738,
                42.460227966308594 14.379032135009766,42.45742416381836 14.372686386108398,
                42.448524475097656 14.354056358337402,42.43531799316406 14.341838836669922,
                42.433265686035156 14.32967472076416,42.43301010131836 14.196002960205078,
                42.43506622314453 14.183862686157227,42.43569564819336 14.171710014343262,
                42.43587112426758 14.159616470336914,42.43830108642578 14.141738891601562,
                42.452064514160156 14.154131889343262,42.46089172363281 14.155080795288086,
                42.49690246582031 14.167485237121582,42.5057258605957 14.167724609375,
                42.51472854614258 14.180133819580078,42.52355194091797 14.180375099182129,
                42.532554626464844 14.1865816116333,42.53696823120117 14.19881534576416,
                42.539039611816406 14.211000442504883,42.539306640625 14.223221778869629,
                42.540924072265625 14.23556137084961,42.5467414855957 14.24776840209961,
                42.54775619506836 14.259950637817383,42.54787063598633 14.296472549438477,
                42.54730224609375 14.302602767944336,42.548709869384766 14.308819770812988,
                42.5531120300293</value>
        </parameter>
        <parameter>
            <valueName>impactedMunicipalities</valueName>
            <value>68024;Montesilvano;42.510208;14.143700 68028;Pescara;42.510208;14.143700</value>
        </parameter>
        <parameter>
            <valueName>impactedProvinces</valueName>
            <value>68;Pescara;PE;42.46458398;14.21364822</value>
        </parameter>
        <parameter>
            <valueName>impactedRegions</valueName>
            <value>13;Abruzzo;42.35122196;13.39843823</value>
        </parameter>
        <resource>
            <resourceDesc>CAP-IT XML</resourceDesc>
            <mimeType>text/xml</mimeType>
            <uri>https://raw.githubusercontent.com/pcm-dpc/Alert-Hub/master/cap-it/PCM-DPC_7aee510c-a7b4-4010-b7cb-9e94aa80d298.xml</uri>
        </resource>
        <resource>
            <resourceDesc>CAP-IT JSON Decoded</resourceDesc>
            <mimeType>application/json</mimeType>
            <uri>https://raw.githubusercontent.com/pcm-dpc/Alert-Hub/master/cap-it/PCM-DPC_7aee510c-a7b4-4010-b7cb-9e94aa80d298.json</uri>
        </resource>
        <resource>
            <resourceDesc>CAP-IT JSON Decoded</resourceDesc>
            <mimeType>application/json</mimeType>
            <uri>https://raw.githubusercontent.com/pcm-dpc/Alert-Hub/master/cap-it/PCM-DPC_7aee510c-a7b4-4010-b7cb-9e94aa80d298.decoded.json</uri>
        </resource>
        <area>
            <areaDesc>Pescara Province and sea areas</areaDesc>
            <polygon>14.247191429138184,42.52705383300781 14.259424209594727,42.529117584228516
                14.271615982055664,42.52968215942383 14.283792495727539,42.52970504760742
                14.417658805847168,42.52754211425781 14.429821014404297,42.52712631225586
                14.441980361938477,42.52661895751953 14.454111099243164,42.525211334228516
                14.46609115600586,42.519004821777344 14.464681625366211,42.4739990234375
                14.43980884552002,42.45641326904297 14.433454513549805,42.447513580322266
                14.427239418029785,42.443115234375 14.414950370788574,42.438819885253906
                14.402616500854492,42.433021545410156 14.390442848205566,42.432472229003906
                14.3783597946167,42.4349250793457 14.372417449951172,42.43952178955078
                14.366386413574219,42.441123962402344 14.342081069946289,42.4415168762207
                14.329936981201172,42.44200897216797 14.305630683898926,42.44239807128906
                14.293489456176758,42.44303894042969 14.269182205200195,42.443416595458984
                14.257091522216797,42.44585418701172 14.251139640808105,42.45044708251953
                14.245112419128418,42.45233917236328 14.232969284057617,42.452972412109375
                14.220874786376953,42.455406188964844 14.214920043945312,42.459999084472656
                14.215165138244629,42.46900177001953 14.209330558776855,42.47809600830078
                14.215657234191895,42.48700714111328 14.228067398071289,42.49582290649414
                14.22856330871582,42.51382827758789 14.247191429138184,42.52705383300781</polygon>
        </area>
    </info>
    <info>
        <language>en-US</language>
        <category>Met</category>
        <event>met-thrm</event>
        <responseType>Shelter</responseType>
        <urgency>Immediate</urgency>
        <severity>Extreme</severity>
        <certainty>Observed</certainty>
        <eventCode>
            <valueName>met-thrm</valueName>
            <value>thunderstom</value>
        </eventCode>
        <effective>2020-06-10T12:20:00+02:00</effective>
        <expires>2020-06-10T12:50:00+02:00</expires>
        <senderName>Dipartimento della Protezione Civile</senderName>
        <headline>Test alert</headline>
        <description>Text of the weather alert message that warns of an extreme thunderstorm weather
            event</description>
        <instruction>0001-en;Other textual instruction</instruction>
        <web>https://alert-hub.protezionecivile.it/cap/PCM-DPC_7aee510c-a7b4-4010-b7cb-9e94aa80d298.html</web>
        <contact>https://alert-hub.protezionecivile.it/feedback/</contact>
        <parameter>
            <valueName>IoNonRischioUrl</valueName>
            <value>https://www.xxxxxxxxxxx/0001-en.html</value>
        </parameter>
        <parameter>
            <valueName>alertColor</valueName>
            <value>red;red;ff0000;255,0,0</value>
        </parameter>
        <parameter>
            <valueName>eventID</valueName>
            <value>115004</value>
        </parameter>
        <parameter>
            <valueName>Name</valueName>
            <value>hrt01</value>
        </parameter>
        <parameter>
            <valueName>Area</valueName>
            <value>138</value>
        </parameter>
        <parameter>
            <valueName>HRI</valueName>
            <value>1.0625</value>
        </parameter>
        <parameter>
            <valueName>SSI</valueName>
            <value>4.3749</value>
        </parameter>
        <parameter>
            <valueName>SRI</valueName>
            <value>199.91</value>
        </parameter>
        <parameter>
            <valueName>VMI</valueName>
            <value>61</value>
        </parameter>
        <parameter>
            <valueName>VIL</valueName>
            <value>59.5</value>
        </parameter>
        <parameter>
            <valueName>POH</valueName>
            <value>1</value>
        </parameter>
        <parameter>
            <valueName>ETM</valueName>
            <value>10100</value>
        </parameter>
        <parameter>
            <valueName>TOP</valueName>
            <value>8720</value>
        </parameter>
        <parameter>
            <valueName>LGT</valueName>
            <value>3</value>
        </parameter>
        <parameter>
            <valueName>Pers</valueName>
            <value>15</value>
        </parameter>
        <parameter>
            <valueName>SRT</valueName>
            <value>9.6724</value>
        </parameter>
        <parameter>
            <valueName>SRT_3</valueName>
            <value>9.6724</value>
        </parameter>
        <parameter>
            <valueName>SRT_24</valueName>
            <value>4.5</value>
        </parameter>
        <parameter>
            <valueName>Vel</valueName>
            <value>25</value>
        </parameter>
        <parameter>
            <valueName>Dir</valueName>
            <value>83</value>
        </parameter>
        <parameter>
            <valueName>Cor</valueName>
            <value>0.9076</value>
        </parameter>
        <parameter>
            <valueName>referenceEventData001</valueName>
            <value>115004 Città Sant'Angelo (PE);Pescara Province
                area;2020-06-10T11:55:00+02:00;2020-06-10T12:25:00+02:00;e0826d22-270e-4060-9761-5117abe1fef1;42.53623962402344,14.235270500183105
                42.53605651855469,14.247442245483398 42.53736877441406,14.259655952453613
                42.53718185424805,14.271827697753906 42.53099060058594,14.283828735351562
                42.51279830932617,14.295483589172363 42.49479675292969,14.294968605041504
                42.485984802246094,14.282548904418945 42.47707748413086,14.276213645935059
                42.47267150878906,14.27000617980957 42.46835708618164,14.257720947265625
                42.46253967285156,14.24539566040039 42.46122741699219,14.233197212219238
                42.46080780029297,14.221022605895996 42.46078109741211,14.20885944366455
                42.460914611816406,14.196701049804688 42.461273193359375,14.172386169433594
                42.4608039855957,14.160210609436035 42.46097946166992,14.148053169250488
                42.45515441894531,14.13573932647705 42.45549774169922,14.111425399780273
                42.454166412353516,14.09922981262207 42.45463562011719,14.087080955505371
                42.45525360107422,14.074934959411621 42.457672119140625,14.062833786010742
                42.4714241027832,14.044928550720215 42.480342864990234,14.051231384277344
                42.48929214477539,14.055508613586426 42.498268127441406,14.057759284973145
                42.520355224609375,14.088743209838867 42.52243423461914,14.100970268249512
                42.523231506347656,14.113164901733398 42.52352523803711,14.125347137451172
                42.52342224121094,14.137518882751465 42.5233039855957,14.149690628051758
                42.52395248413086,14.152750968933105 42.53057098388672,14.162057876586914
                42.530845642089844,14.174241065979004 42.531341552734375,14.186429977416992
                42.53146743774414,14.198610305786133 42.53135681152344,14.210783004760742
                42.53117370605469,14.222953796386719 42.531829833984375,14.229060173034668
                42.53623962402344,14.235270500183105</value>
        </parameter>
        <parameter>
            <valueName>referenceEventData002</valueName>
            <value>115004 Montesilvano (PE);Pescara Province and sea
                areas;2020-06-10T12:00:00+02:00;2020-06-10T12:30:00+02:00;ec793783-1d0e-4e9c-bf1b-6bd9bb463461;42.553871154785156,14.260119438171387
                42.55518341064453,14.272336959838867 42.55619430541992,14.284546852111816
                42.556304931640625,14.296730995178223 42.554420471191406,14.321037292480469
                42.55272674560547,14.333168983459473 42.54813003540039,14.339123725891113
                42.539093017578125,14.340888023376465 42.53012466430664,14.338595390319824
                42.50312042236328,14.337803840637207 42.49431610107422,14.325376510620117
                42.485313415527344,14.325115203857422 42.476409912109375,14.31877326965332
                42.46760177612305,14.306354522705078 42.46104049682617,14.2940034866333
                42.460479736328125,14.281825065612793 42.46029281616211,14.269658088684082
                42.45926284790039,14.263547897338867 42.45485305786133,14.257343292236328
                42.45954132080078,14.245312690734863 42.455223083496094,14.233031272888184
                42.453155517578125,14.220813751220703 42.4540901184082,14.208678245544434
                42.453067779541016,14.196489334106445 42.45294952392578,14.184325218200684
                42.453426361083984,14.1721773147583 42.45309066772461,14.16000747680664
                42.45326614379883,14.14785099029541 42.453277587890625,14.135689735412598
                42.453826904296875,14.123543739318848 42.45474624633789,14.111406326293945
                42.45716857910156,14.099306106567383 42.461753845214844,14.093341827392578
                42.47075653076172,14.0935697555542 42.47992706298828,14.081636428833008
                42.488929748535156,14.081863403320312 42.49810028076172,14.069925308227539
                42.5113525390625,14.088515281677246 42.51343536376953,14.100740432739258
                42.515628814697266,14.104853630065918 42.521514892578125,14.113121032714844
                42.52445983886719,14.117255210876465 42.53034591674805,14.125524520874023
                42.533172607421875,14.137773513793945 42.53974914550781,14.150123596191406
                42.54069900512695,14.16232681274414 42.54074478149414,14.174505233764648
                42.54155731201172,14.18061637878418 42.54597091674805,14.186823844909668
                42.5457878112793,14.19899845123291 42.54785919189453,14.211234092712402
                42.548126220703125,14.223420143127441 42.54861831665039,14.235612869262695
                42.54855728149414,14.247791290283203 42.54946517944336,14.25390625
                42.553871154785156,14.260119438171387</value>
        </parameter>
        <parameter>
            <valueName>referenceEventData003</valueName>
            <value>115004 Pescara (PE);Pescara Province and sea
                areas;2020-06-10T12:10:00+02:00;2020-06-10T12:40:00+02:00;5c9a368e-f32d-4aac-bdce-7736bed3f712;42.5531120300293,14.308819770812988
                42.555171966552734,14.321059226989746 42.55572509765625,14.333256721496582
                42.55574417114258,14.345438003540039 42.55535125732422,14.369787216186523
                42.55463790893555,14.381946563720703 42.55323791503906,14.394084930419922
                42.547035217285156,14.406076431274414 42.54233169555664,14.418110847473145
                42.52852249145508,14.435951232910156 42.51972579956055,14.423505783081055
                42.510520935058594,14.435396194458008 42.50151824951172,14.435117721557617
                42.49272537231445,14.422677993774414 42.48372268676758,14.422402381896973
                42.47932434082031,14.41618537902832 42.47502517700195,14.403888702392578
                42.466026306152344,14.403615951538086 42.460227966308594,14.391278266906738
                42.45742416381836,14.379032135009766 42.448524475097656,14.372686386108398
                42.43531799316406,14.354056358337402 42.433265686035156,14.341838836669922
                42.43301010131836,14.32967472076416 42.43506622314453,14.196002960205078
                42.43569564819336,14.183862686157227 42.43587112426758,14.171710014343262
                42.43830108642578,14.159616470336914 42.452064514160156,14.141738891601562
                42.46089172363281,14.154131889343262 42.49690246582031,14.155080795288086
                42.5057258605957,14.167485237121582 42.51472854614258,14.167724609375
                42.52355194091797,14.180133819580078 42.532554626464844,14.180375099182129
                42.53696823120117,14.1865816116333 42.539039611816406,14.19881534576416
                42.539306640625,14.211000442504883 42.540924072265625,14.223221778869629
                42.5467414855957,14.23556137084961 42.54775619506836,14.24776840209961
                42.54787063598633,14.259950637817383 42.54730224609375,14.296472549438477
                42.548709869384766,14.302602767944336 42.5531120300293,14.308819770812988</value>
        </parameter>
        <parameter>
            <valueName>impactedMunicipalities</valueName>
            <value>68024;Montesilvano;42.510208;14.143700 68028;Pescara;42.510208;14.143700</value>
        </parameter>
        <parameter>
            <valueName>impactedProvinces</valueName>
            <value>68;Pescara;PE;42.46458398;14.21364822</value>
        </parameter>
        <parameter>
            <valueName>impactedRegions</valueName>
            <value>13;Abruzzo;42.35122196;13.39843823</value>
        </parameter>
        <resource>
            <resourceDesc>CAP-IT XML</resourceDesc>
            <mimeType>text/xml</mimeType>
            <uri>https://raw.githubusercontent.com/pcm-dpc/Alert-Hub/master/cap-it/PCM-DPC_7aee510c-a7b4-4010-b7cb-9e94aa80d298.xml</uri>
        </resource>
        <resource>
            <resourceDesc>CAP-IT GeoJSON</resourceDesc>
            <mimeType>application/json</mimeType>
            <uri>https://raw.githubusercontent.com/pcm-dpc/Alert-Hub/master/cap-it/PCM-DPC_7aee510c-a7b4-4010-b7cb-9e94aa80d298.geojson</uri>
        </resource>
        <area>
            <areaDesc>Pescara Province and sea areas</areaDesc>
            <polygon>42.52705383300781,14.247191429138184 42.529117584228516,14.259424209594727
                42.52968215942383,14.271615982055664 42.52970504760742,14.283792495727539
                42.52754211425781,14.417658805847168 42.52712631225586,14.429821014404297
                42.52661895751953,14.441980361938477 42.525211334228516,14.454111099243164
                42.519004821777344,14.46609115600586 42.4739990234375,14.464681625366211
                42.45641326904297,14.43980884552002 42.447513580322266,14.433454513549805
                42.443115234375,14.427239418029785 42.438819885253906,14.414950370788574
                42.433021545410156,14.402616500854492 42.432472229003906,14.390442848205566
                42.4349250793457,14.3783597946167 42.43952178955078,14.372417449951172
                42.441123962402344,14.366386413574219 42.4415168762207,14.342081069946289
                42.44200897216797,14.329936981201172 42.44239807128906,14.305630683898926
                42.44303894042969,14.293489456176758 42.443416595458984,14.269182205200195
                42.44585418701172,14.257091522216797 42.45044708251953,14.251139640808105
                42.45233917236328,14.245112419128418 42.452972412109375,14.232969284057617
                42.455406188964844,14.220874786376953 42.459999084472656,14.214920043945312
                42.46900177001953,14.215165138244629 42.47809600830078,14.209330558776855
                42.48700714111328,14.215657234191895 42.49582290649414,14.228067398071289
                42.51382827758789,14.22856330871582 42.52705383300781,14.247191429138184</polygon>
        </area>
    </info>
</alert>
